
#date	nTrees(/ha)	totalBiomass(t/ha)	totalBasalArea(m2/ha)	totalHeight(m/ha)	totalVolume(m3/ha)	LAI	droughtIndexAnnual	droughtIndexSeasonal	winterTMIN(deg)	GDDannual(deg.day)	GDDseasonal(deg.day)	nTreesMean	nTreesSD	biomassMean	biomassSD	basalAreaMean	basalAreaSD	heightMean	heightSD	volumeMean	volumeSD	janSoilMoisture	febSoilMoisture	marSoilMoisture	aprSoilMoisture	maySoilMoisture	junSoilMoisture	julSoilMoisture	augSoilMoisture	sepSoilMoisture	octSoilMoisture	novSoilMoisture	decSoilMoisture

1950	658.1741	204.26927	28.18673	9315.54129	211.83856	9.48764	0	0	0	0	0	20.66667	12.98717	6.41406	3.48546	0.88506	0.45654	292.508	151.6501	6.65173	3.77714
1951	757.96178	200.76254	28.91557	9660.52132	218.2576	7.71184	0	0	-0.35	1800.68945	1689.98258	23.8	13.73837	6.30394	3.20106	0.90795	0.46048	303.34037	152.88039	6.85329	3.82534
1952	834.3949	207.89065	29.7149	9977.67411	225.37141	8.33213	0.06878	0.0786	-1.44	1980.13147	1861.93088	26.2	13.1486	6.52777	3.25725	0.93305	0.46584	313.29897	151.86869	7.07666	3.88805
1953	923.56688	215.45785	30.58527	10344.80731	233.23025	8.91295	0	0	-3.79	1932.85796	1782.85725	29	12.25328	6.76538	3.31227	0.96038	0.47135	324.82695	149.53174	7.32343	3.95709
1954	1014.862	223.03407	31.47382	10729.82245	241.36908	9.4286	0	0	-1	1906.87951	1789.23569	31.86667	11.42595	7.00327	3.36094	0.98828	0.47624	336.91642	145.78916	7.57899	4.02686
1955	1014.862	230.3792	32.33881	10907.21182	249.47452	9.86799	0	0	-6.11	1712.03717	1650.55893	31.86667	11.42595	7.23391	3.4008	1.01544	0.48045	342.48645	144.31431	7.8335	4.09435
1956	1014.862	238.15812	33.25347	11083.5989	258.17429	10.29836	0.00642	0.00642	-6.76	2062.09846	1953.66269	31.86667	11.42595	7.47817	3.43671	1.04416	0.48418	348.02501	142.52292	8.10667	4.16407
1957	1104.03397	245.63529	34.14262	11447.75803	266.67797	10.67965	0	0	-1.83	1766.16408	1679.37486	34.66667	10.7482	7.71295	3.46208	1.07208	0.48684	359.4596	137.67534	8.37369	4.22861
1958	1163.48195	253.16992	35.03446	11745.67856	275.32985	11.01722	0.0112	0.0112	-1.81	1842.62813	1749.56479	36.53333	10.32242	7.94954	3.47765	1.10008	0.48852	368.81431	132.33541	8.64536	4.28987
1959	1197.45223	260.5851	35.92365	11983.80467	284.0757	11.30086	0	0	-3	1815.63498	1731.0548	37.6	10.18262	8.18237	3.48832	1.128	0.48907	376.29147	126.99868	8.91998	4.3465
1960	1231.42251	268.02626	36.83324	12225.11289	293.10427	11.56809	0.00009	0.00009	-0.9	2021.29514	1868.31175	38.66667	10.43118	8.41602	3.49963	1.15656	0.48851	383.86854	122.71055	9.20347	4.39908
1961	1290.87049	275.30042	37.73198	12521.46211	302.06404	11.81459	0	0	-3.69	1902.14355	1804.2702	40.53333	11.18588	8.64443	3.50491	1.18478	0.48656	393.17391	116.23724	9.48481	4.44411
1962	1316.3482	282.57742	38.62768	12743.75618	311.0716	12.04684	0	0	-2.32	1913.88369	1799.20009	41.33333	11.75139	8.87293	3.50344	1.21291	0.48348	400.15394	111.78127	9.76765	4.48272
1962	878.98089	183.3241	24.93943	8252.98291	202.14661	12.04684	0	0	-2.32	1913.88369	1799.20009	27.6	7.59511	5.75638	2.95586	0.7831	0.36436	259.14366	55.24302	6.3474	3.77115
1963	968.15287	187.71	25.48959	8561.92859	207.61099	7.8474	0.03736	0.03736	-2.17	1786.78015	1712.48999	30.4	7.89032	5.89409	2.98353	0.80037	0.36421	268.84456	54.7659	6.51899	3.82522
1964	1057.32484	194.96079	26.30757	8967.70845	215.22743	8.35598	0	0	-2.52	1892.66217	1831	33.2	8.96182	6.12177	2.99461	0.82606	0.3626	281.58605	53.5055	6.75814	3.86838
1965	1163.48195	202.29725	27.13389	9428.32632	222.8525	8.85241	0	0	-1.8	1723.83344	1574.39596	36.53333	9.36457	6.35213	2.99199	0.852	0.36003	296.04945	53.08993	6.99757	3.90286
1966	1267.51592	210.26357	28.04395	9920.14954	231.20032	9.34461	0	0	-3.32	1981.6511	1912.35795	39.8	10.94923	6.60228	2.97793	0.88058	0.35607	311.4927	54.4109	7.25969	3.93026
1967	1377.91932	217.74112	28.90504	10419.98155	239.05809	9.8004	0.10554	0.10554	-4.41	2043.68376	1909.47328	43.26667	12.13888	6.83707	2.95822	0.90762	0.35149	327.18742	57.36291	7.50642	3.94776
1968	1430.99788	225.58665	29.82243	10807.6268	247.48855	10.23542	0.05989	0.05989	-2.4	1975.824	1886.09679	44.93333	13.1283	7.08342	2.93311	0.93642	0.34585	339.35948	60.97649	7.77114	3.95886
1969	1520.16985	233.46815	30.75485	11268.80242	256.08911	10.6591	0	0	-1.67	1697.64696	1582.45948	47.73333	14.74772	7.3309	2.90455	0.9657	0.3394	353.8404	64.46214	8.0412	3.9636
1970	1594.47983	241.33718	31.69136	11686.36824	264.82482	11.04271	0	0	-2.39	1677.01485	1602.13673	50.06667	16.21493	7.57799	2.86972	0.99511	0.3324	366.95196	69.16997	8.3155	3.96185
1971	1668.78981	248.6267	32.56643	12073.50443	273.09979	11.36885	0.11137	0.11137	-1.19	1929.73511	1787.5111	52.4	17.99127	7.80688	2.83543	1.02259	0.32545	379.10804	73.69877	8.57533	3.95536
1972	1719.74522	256.35433	33.50299	12406.26545	282.14102	11.6598	0	0	-3.45	1772.76486	1718.4704	54	18.95106	8.04953	2.79649	1.05199	0.31768	389.55674	77.32502	8.85923	3.94393
1973	1719.74522	263.76481	34.40993	12596.86692	291.13351	11.88015	0	0	-6.31	1760.98695	1710.84609	54	18.95106	8.28221	2.75993	1.08047	0.3101	395.54162	80.17073	9.14159	3.92914
1974	1781.31635	271.05451	35.29986	12907.83785	300.08055	12.09773	0.02839	0.02839	-0.63	1893.28668	1788.42984	55.93333	20.63792	8.51111	2.72317	1.10842	0.30247	405.30611	85.71284	9.42253	3.9115
1974	1016.98514	189.65852	24.73189	7932.53693	218.58078	12.09773	0.02839	0.02839	-0.63	1893.28668	1788.42984	31.93333	12.33732	5.95528	3.29114	0.77658	0.41068	249.08166	88.34496	6.86344	4.46939
1975	1148.61996	194.72721	25.34609	8328.92141	225.02895	8.53969	0	0	-2.8	1757.91644	1628.2705	36.06667	13.16634	6.11443	3.32248	0.79587	0.41308	261.52813	90.29428	7.06591	4.5176
1976	1263.26964	201.26089	26.0836	8777.67781	232.30138	8.90866	0	0	-1.92	1641.69052	1593.68202	39.66667	12.98717	6.31959	3.33147	0.81903	0.41362	275.61908	87.61641	7.29426	4.55286
1977	1333.33333	208.11572	26.86215	9153.80376	239.98578	9.27628	0	0	-3.32	1837.63556	1749.38715	41.86667	13.61127	6.53483	3.33744	0.84347	0.41359	287.42944	86.58389	7.53555	4.58569
1978	1428.87473	214.90729	27.63987	9597.73558	247.60235	9.62474	0.06679	0.06679	-1.54	2060.45917	1972.08505	44.86667	14.22205	6.74809	3.33703	0.86789	0.41276	301.3689	84.65132	7.77471	4.61305
1979	1552.01699	222.00344	28.45899	10126.52756	255.56607	9.95756	0	0	-4.12	1874.22236	1773.18321	48.73333	15.35051	6.97091	3.33157	0.89361	0.41108	317.97297	82.064	8.02477	4.63792
1979	1203.82166	194.14487	24.9891	8311.82839	227.16246	9.95756	0	0	-4.12	1874.22236	1773.18321	37.8	11.95946	6.09615	3.80178	0.78466	0.47113	260.99141	86.18581	7.1329	5.1037
1980	1303.60934	200.12133	25.68884	8742.86642	234.06648	8.91665	0	0	-2.09	1770.55552	1660.29653	40.93333	12.36624	6.28381	3.81434	0.80663	0.47189	274.52601	81.54004	7.34969	5.15224
1981	1377.91932	206.58713	26.42693	9162.73104	241.0949	9.25383	0.01851	0.0216	-5.76	1699.13045	1577.81477	43.26667	13.5829	6.48684	3.8135	0.82981	0.47103	287.70975	78.42861	7.57038	5.19177
1982	1488.32272	213.45526	27.21617	9690.82488	248.45776	9.58352	0.00325	0.00325	-0.7	1771.74225	1660.14661	46.73333	14.92106	6.7025	3.79794	0.85459	0.46867	304.2919	74.20277	7.80157	5.22546
1983	1590.23355	220.4414	28.03481	10219.68588	255.97539	9.91574	0	0	-2.04	1756.23032	1644.40368	49.93333	16.22373	6.92186	3.77636	0.88029	0.46491	320.89814	70.41031	8.03763	5.25255
1984	1681.52866	227.53778	28.87835	10738.28257	263.61391	10.24942	0	0	-0.18	1730.81086	1615.73063	52.8	17.75709	7.14469	3.7457	0.90678	0.45979	337.18207	69.29248	8.27748	5.27209
1984	1670.91295	184.06609	24.31121	10372.658	206.92929	10.24942	0	0	-0.18	1730.81086	1615.73063	52.46667	18.07076	5.77968	2.32396	0.76337	0.32218	325.70146	79.05817	6.49758	3.22883
1985	1779.19321	190.29328	25.10417	10932.31706	213.54027	8.94887	0	0	-3.7	1723.78689	1569.33816	55.86667	18.5852	5.97521	2.29014	0.78827	0.31644	343.27476	78.40699	6.70516	3.22873
1986	1902.33546	197.87422	26.05046	11586.5735	221.50693	9.45163	0.02072	0.02072	-3.63	1926.71682	1867.9153	59.73333	18.84321	6.21325	2.27105	0.81798	0.31053	363.81841	78.34641	6.95532	3.24395
1987	2010.61571	205.56567	27.0375	12217.43136	229.81881	9.92785	0	0	-1.96	1888.24868	1733.19014	63.13333	19.34228	6.45476	2.24676	0.84898	0.3036	383.62734	79.61639	7.21631	3.25433
1988	2091.29512	212.75742	27.97824	12758.36592	237.77628	10.35593	0.08569	0.08569	-2.19	1879.78875	1785.9047	65.66667	19.03631	6.68058	2.22315	0.87852	0.29638	400.61269	79.69749	7.46618	3.25868
1989	2184.71338	220.18602	28.9647	13325.69924	246.20278	10.77147	0	0	-0.12	1657.46801	1546.86703	68.6	18.9088	6.91384	2.20119	0.90949	0.28865	418.42696	81.8305	7.73077	3.25995
1989	976.64544	192.19706	24.98137	8151.931	222.86699	10.77147	0	0	-0.12	1657.46801	1546.86703	30.66667	9.0764	6.03499	2.84082	0.78442	0.37998	255.97063	83.72413	6.99802	3.77653
